# ./casimir, -l, 5, -R, 2e-6, -L, 0.2e-6,10e-6,200,log, -T, 297,303,3
# lfac=5, R=2e-06, L=2e-07...1e-05 (200), T=297...303 (3)
# R, L, T, F, L/R, lmax, nmax, time
2e-06, 2e-07, 297, -6.03655016573524e-20, 0.1, 50, 43, 147.207
2e-06, 2e-07, 300, -6.03666171225786e-20, 0.1, 50, 43, 146.246
2e-06, 2e-07, 303, -6.03677630663535e-20, 0.1, 50, 42, 144.028
2e-06, 2.03970581193764e-07, 297, -5.79200012478904e-20, 0.101985290596882, 50, 42, 142.587
2e-06, 2.03970581193764e-07, 300, -5.79211146733228e-20, 0.101985290596882, 50, 42, 142.431
2e-06, 2.03970581193764e-07, 303, -5.79222707958075e-20, 0.101985290596882, 50, 42, 143.6
2e-06, 2.0801998996261e-07, 297, -5.55692040018801e-20, 0.104009994981305, 49, 42, 132.149
2e-06, 2.0801998996261e-07, 300, -5.55703033602204e-20, 0.104009994981305, 49, 41, 129.425
2e-06, 2.0801998996261e-07, 303, -5.55714577078467e-20, 0.104009994981305, 49, 41, 128.631
2e-06, 2.12149791262973e-07, 297, -5.33118901178072e-20, 0.106074895631486, 48, 41, 118.617
2e-06, 2.12149791262973e-07, 300, -5.33129873159243e-20, 0.106074895631486, 48, 40, 116.739
2e-06, 2.12149791262973e-07, 303, -5.33141401132139e-20, 0.106074895631486, 48, 40, 115.535
2e-06, 2.16361581120222e-07, 297, -5.11444006937784e-20, 0.108180790560111, 47, 40, 105.377
2e-06, 2.16361581120222e-07, 300, -5.11455075889874e-20, 0.108180790560111, 47, 40, 105.844
2e-06, 2.16361581120222e-07, 303, -5.11466473097202e-20, 0.108180790560111, 47, 39, 103.07
2e-06, 2.20656987245467e-07, 297, -4.9063207418659e-20, 0.110328493622734, 46, 39, 94.2123
2e-06, 2.20656987245467e-07, 300, -4.90643130755737e-20, 0.110328493622734, 46, 39, 95.3941
2e-06, 2.20656987245467e-07, 303, -4.90654619129524e-20, 0.110328493622734, 46, 39, 94.5513
2e-06, 2.25037669664615e-07, 297, -4.70649293654866e-20, 0.112518834832307, 45, 39, 86.6376
2e-06, 2.25037669664615e-07, 300, -4.70660234601078e-20, 0.112518834832307, 45, 38, 84.0835
2e-06, 2.25037669664615e-07, 303, -4.70671713550128e-20, 0.112518834832307, 45, 38, 84.2511
2e-06, 2.29505321359909e-07, 297, -4.51462861946927e-20, 0.114752660679955, 44, 38, 76.4652
2e-06, 2.29505321359909e-07, 300, -4.5147378749126e-20, 0.114752660679955, 44, 37, 74.36
2e-06, 2.29505321359909e-07, 303, -4.51485259331673e-20, 0.114752660679955, 44, 37, 74.589
2e-06, 2.34061668924212e-07, 297, -4.33041541769361e-20, 0.117030834462106, 43, 37, 68.911
2e-06, 2.34061668924212e-07, 300, -4.33052559857431e-20, 0.117030834462106, 43, 37, 68.144
2e-06, 2.34061668924212e-07, 303, -4.33063919801816e-20, 0.117030834462106, 43, 36, 66.8813
2e-06, 2.38708473228269e-07, 297, -4.1535520999698e-20, 0.119354236614135, 42, 36, 60.6013
2e-06, 2.38708473228269e-07, 300, -4.15366224029511e-20, 0.119354236614135, 42, 36, 61.2759
2e-06, 2.38708473228269e-07, 303, -4.15377674342466e-20, 0.119354236614135, 42, 36, 61.517
2e-06, 2.43447530101231e-07, 297, -3.98397603799698e-20, 0.121723765050616, 42, 36, 60.9628
2e-06, 2.43447530101231e-07, 300, -3.9840851677011e-20, 0.121723765050616, 42, 35, 58.0739
2e-06, 2.43447530101231e-07, 303, -3.98419966295089e-20, 0.121723765050616, 42, 35, 60.6902
2e-06, 2.48280671024673e-07, 297, -3.82096154465457e-20, 0.124140335512336, 41, 35, 54.4688
2e-06, 2.48280671024673e-07, 300, -3.8210715414108e-20, 0.124140335512336, 41, 35, 54.0001
2e-06, 2.48280671024673e-07, 303, -3.8211850870765e-20, 0.124140335512336, 41, 34, 51.6148
2e-06, 2.53209763840401e-07, 297, -3.66446277177117e-20, 0.126604881920201, 40, 34, 46.8293
2e-06, 2.53209763840401e-07, 300, -3.66457278879288e-20, 0.126604881920201, 40, 34, 46.4882
2e-06, 2.53209763840401e-07, 303, -3.66468720436988e-20, 0.126604881920201, 40, 34, 46.8899
2e-06, 2.58236713472312e-07, 297, -3.51422345579827e-20, 0.129118356736156, 39, 34, 42.0317
2e-06, 2.58236713472312e-07, 300, -3.51433260728055e-20, 0.129118356736156, 39, 33, 40.7845
2e-06, 2.58236713472312e-07, 303, -3.51444707407703e-20, 0.129118356736156, 39, 33, 40.7735
2e-06, 2.63363462662576e-07, 297, -3.3699946350571e-20, 0.131681731331288, 38, 33, 36.4567
2e-06, 2.63363462662576e-07, 300, -3.37010463851303e-20, 0.131681731331288, 38, 33, 36.4902
2e-06, 2.63363462662576e-07, 303, -3.37021828018032e-20, 0.131681731331288, 38, 32, 36.0044
2e-06, 2.68591992722439e-07, 297, -3.23175667394747e-20, 0.13429599636122, 38, 33, 36.9397
2e-06, 2.68591992722439e-07, 300, -3.23186599562357e-20, 0.13429599636122, 38, 32, 36.2564
2e-06, 2.68591992722439e-07, 303, -3.2319805156835e-20, 0.13429599636122, 38, 32, 35.7154
2e-06, 2.73924324297936e-07, 297, -3.09885794293792e-20, 0.136962162148968, 37, 32, 32.3828
2e-06, 2.73924324297936e-07, 300, -3.09896802622588e-20, 0.136962162148968, 37, 32, 32.1181
2e-06, 2.73924324297936e-07, 303, -3.09908189166517e-20, 0.136962162148968, 37, 31, 31.2239
2e-06, 2.79362518150796e-07, 297, -2.97128629077019e-20, 0.139681259075398, 36, 31, 28.2605
2e-06, 2.79362518150796e-07, 300, -2.97139649253386e-20, 0.139681259075398, 36, 31, 27.7649
2e-06, 2.79362518150796e-07, 303, -2.97151115420806e-20, 0.139681259075398, 36, 31, 27.8393
2e-06, 2.84908675954857e-07, 297, -2.84903148977394e-20, 0.142454337977428, 36, 31, 27.8626
2e-06, 2.84908675954857e-07, 300, -2.84914107781945e-20, 0.142454337977428, 36, 30, 26.7773
2e-06, 2.84908675954857e-07, 303, -2.8492558918188e-20, 0.142454337977428, 36, 30, 26.6892
2e-06, 2.9056494110829e-07, 297, -2.73150205596419e-20, 0.145282470554145, 35, 30, 23.881
2e-06, 2.9056494110829e-07, 300, -2.73161246259592e-20, 0.145282470554145, 35, 30, 23.8739
2e-06, 2.9056494110829e-07, 303, -2.73172735485001e-20, 0.145282470554145, 35, 30, 23.8814
2e-06, 2.96333499561949e-07, 297, -2.61869282033267e-20, 0.148166749780975, 34, 30, 21.2509
2e-06, 2.96333499561949e-07, 300, -2.61880274759799e-20, 0.148166749780975, 34, 29, 20.6195
2e-06, 2.96333499561949e-07, 303, -2.61891782756583e-20, 0.148166749780975, 34, 29, 20.5111
2e-06, 3.02216580664164e-07, 297, -2.51060554376845e-20, 0.151108290332082, 34, 29, 20.5254
2e-06, 3.02216580664164e-07, 300, -2.51071624072226e-20, 0.151108290332082, 34, 29, 20.5026
2e-06, 3.02216580664164e-07, 303, -2.51083083775144e-20, 0.151108290332082, 34, 28, 19.7926
2e-06, 3.08216458022309e-07, 297, -2.40669473170038e-20, 0.154108229011154, 33, 28, 17.6873
2e-06, 3.08216458022309e-07, 300, -2.40680564690361e-20, 0.154108229011154, 33, 28, 17.5822
2e-06, 3.08216458022309e-07, 303, -2.40692107942832e-20, 0.154108229011154, 33, 28, 17.561
2e-06, 3.14335450381469e-07, 297, -2.30696464336859e-20, 0.157167725190734, 32, 28, 15.5915
2e-06, 3.14335450381469e-07, 300, -2.30707571254735e-20, 0.157167725190734, 32, 28, 15.5877
2e-06, 3.14335450381469e-07, 303, -2.30719076900434e-20, 0.157167725190734, 32, 27, 15.0277
2e-06, 3.20575922520559e-07, 297, -2.21143462401421e-20, 0.16028796126028, 32, 27, 14.9806
2e-06, 3.20575922520559e-07, 300, -2.21154594999778e-20, 0.16028796126028, 32, 27, 15.0622
2e-06, 3.20575922520559e-07, 303, -2.2116618175627e-20, 0.16028796126028, 32, 27, 15.2371
2e-06, 3.26940286166228e-07, 297, -2.11958896942578e-20, 0.163470143083114, 31, 27, 13.3239
2e-06, 3.26940286166228e-07, 300, -2.11970049355321e-20, 0.163470143083114, 31, 27, 13.2395
2e-06, 3.26940286166228e-07, 303, -2.11981607131452e-20, 0.163470143083114, 31, 26, 12.7256
2e-06, 3.33431000924906e-07, 297, -2.0314435217405e-20, 0.166715500462453, 30, 26, 11.1196
2e-06, 3.33431000924906e-07, 300, -2.03155533820003e-20, 0.166715500462453, 30, 26, 11.2017
2e-06, 3.33431000924906e-07, 303, -2.03167171992815e-20, 0.166715500462453, 30, 26, 11.2114
2e-06, 3.40050575233358e-07, 297, -1.94704204871029e-20, 0.170025287616679, 30, 26, 11.1302
2e-06, 3.40050575233358e-07, 300, -1.94715410711577e-20, 0.170025287616679, 30, 26, 11.1301
2e-06, 3.40050575233358e-07, 303, -1.94727027217436e-20, 0.170025287616679, 30, 25, 10.7102
2e-06, 3.4680156732811e-07, 297, -1.86588058397511e-20, 0.173400783664055, 29, 25, 9.35707
2e-06, 3.4680156732811e-07, 300, -1.86599297179095e-20, 0.173400783664055, 29, 25, 9.75866
2e-06, 3.4680156732811e-07, 303, -1.86610994761581e-20, 0.173400783664055, 29, 25, 9.39405
2e-06, 3.53686586234114e-07, 297, -1.78817331486583e-20, 0.176843293117057, 29, 25, 9.49158
2e-06, 3.53686586234114e-07, 300, -1.78828598503254e-20, 0.176843293117057, 29, 25, 9.36272
2e-06, 3.53686586234114e-07, 303, -1.78840280268033e-20, 0.176843293117057, 29, 24, 8.97939
2e-06, 3.60708292773054e-07, 297, -1.71345262295443e-20, 0.180354146386527, 28, 24, 7.82646
2e-06, 3.60708292773054e-07, 300, -1.71356565941464e-20, 0.180354146386527, 28, 24, 7.83289
2e-06, 3.60708292773054e-07, 303, -1.71368330584101e-20, 0.180354146386527, 28, 24, 7.86639
2e-06, 3.67869400591651e-07, 297, -1.64192020105207e-20, 0.183934700295826, 28, 24, 7.82648
2e-06, 3.67869400591651e-07, 300, -1.64203355857621e-20, 0.183934700295826, 28, 24, 7.87983
2e-06, 3.67869400591651e-07, 303, -1.64215154079864e-20, 0.183934700295826, 28, 24, 7.82287
2e-06, 3.75172677210404e-07, 297, -1.57313911066115e-20, 0.187586338605202, 27, 24, 6.77328
2e-06, 3.75172677210404e-07, 300, -1.57325244055712e-20, 0.187586338605202, 27, 23, 6.51322
2e-06, 3.75172677210404e-07, 303, -1.57337083206974e-20, 0.187586338605202, 27, 23, 6.55942
2e-06, 3.82620945093133e-07, 297, -1.50730148457389e-20, 0.191310472546567, 27, 23, 6.54391
2e-06, 3.82620945093133e-07, 300, -1.50741560307726e-20, 0.191310472546567, 27, 23, 6.56796
2e-06, 3.82620945093133e-07, 303, -1.50753436689118e-20, 0.191310472546567, 27, 23, 6.59452
2e-06, 3.90217082737769e-07, 297, -1.44399639268831e-20, 0.195108541368884, 26, 23, 5.62103
2e-06, 3.90217082737769e-07, 300, -1.44411051645217e-20, 0.195108541368884, 26, 22, 5.38191
2e-06, 3.90217082737769e-07, 303, -1.44422972542334e-20, 0.195108541368884, 26, 22, 5.41474
2e-06, 3.9796402578879e-07, 297, -1.38341112121425e-20, 0.198982012894395, 26, 22, 5.36787
2e-06, 3.9796402578879e-07, 300, -1.38352607222691e-20, 0.198982012894395, 26, 22, 5.35809
2e-06, 3.9796402578879e-07, 303, -1.38364568822152e-20, 0.198982012894395, 26, 22, 5.35752
2e-06, 4.05864768171748e-07, 297, -1.32515434011624e-20, 0.202932384085874, 25, 22, 4.59504
2e-06, 4.05864768171748e-07, 300, -1.32526970841966e-20, 0.202932384085874, 25, 22, 4.63281
2e-06, 4.05864768171748e-07, 303, -1.32538941352649e-20, 0.202932384085874, 25, 21, 4.39273
2e-06, 4.13922363250319e-07, 297, -1.26941253359457e-20, 0.20696118162516, 25, 21, 4.39606
2e-06, 4.13922363250319e-07, 300, -1.26952838642552e-20, 0.20696118162516, 25, 21, 4.41969
2e-06, 4.13922363250319e-07, 303, -1.26964892281972e-20, 0.20696118162516, 25, 21, 4.399
2e-06, 4.2213992500632e-07, 297, -1.21580911730094e-20, 0.21106996250316, 24, 21, 3.73996
2e-06, 4.2213992500632e-07, 300, -1.21592541991243e-20, 0.21106996250316, 24, 21, 3.74217
2e-06, 4.2213992500632e-07, 303, -1.21604641832273e-20, 0.21106996250316, 24, 21, 3.74063
2e-06, 4.30520629243156e-07, 297, -1.16453367346085e-20, 0.215260314621578, 24, 21, 3.75587
2e-06, 4.30520629243156e-07, 300, -1.16465014120797e-20, 0.215260314621578, 24, 20, 3.56748
2e-06, 4.30520629243156e-07, 303, -1.16477166369942e-20, 0.215260314621578, 24, 20, 3.56288
2e-06, 4.39067714813159e-07, 297, -1.11521852267122e-20, 0.219533857406579, 23, 20, 3.0214
2e-06, 4.39067714813159e-07, 300, -1.11533582447089e-20, 0.219533857406579, 23, 20, 3.01973
2e-06, 4.39067714813159e-07, 303, -1.1154578389141e-20, 0.219533857406579, 23, 20, 3.01661
2e-06, 4.47784484869289e-07, 297, -1.06806073877049e-20, 0.223892242434645, 23, 20, 3.01682
2e-06, 4.47784484869289e-07, 300, -1.06817854315738e-20, 0.223892242434645, 23, 20, 3.01811
2e-06, 4.47784484869289e-07, 303, -1.0683010707519e-20, 0.223892242434645, 23, 20, 3.0183
2e-06, 4.56674308141697e-07, 297, -1.0226975432217e-20, 0.228337154070848, 22, 20, 2.59384
2e-06, 4.56674308141697e-07, 300, -1.02281562297862e-20, 0.228337154070848, 22, 19, 2.41992
2e-06, 4.56674308141697e-07, 303, -1.02293871414975e-20, 0.228337154070848, 22, 19, 2.41267
2e-06, 4.6574062023961e-07, 297, -9.79335657607981e-21, 0.232870310119805, 22, 19, 2.41721
2e-06, 4.6574062023961e-07, 300, -9.79454550957493e-21, 0.232870310119805, 22, 19, 2.41341
2e-06, 4.6574062023961e-07, 303, -9.7957818233093e-21, 0.232870310119805, 22, 19, 2.4116
2e-06, 4.74986924979088e-07, 297, -9.37747375507212e-21, 0.237493462489544, 22, 19, 2.45471
2e-06, 4.74986924979088e-07, 300, -9.37866817632025e-21, 0.237493462489544, 22, 19, 2.41473
2e-06, 4.74986924979088e-07, 303, -9.37990757751893e-21, 0.237493462489544, 22, 18, 2.29008
2e-06, 4.84416795737118e-07, 297, -8.97750529311551e-21, 0.242208397868559, 21, 18, 1.91209
2e-06, 4.84416795737118e-07, 300, -8.97870568455807e-21, 0.242208397868559, 21, 18, 1.91162
2e-06, 4.84416795737118e-07, 303, -8.97995358695773e-21, 0.242208397868559, 21, 18, 1.9103
2e-06, 4.94033876832604e-07, 297, -8.59521870460998e-21, 0.247016938416302, 21, 18, 1.91041
2e-06, 4.94033876832604e-07, 300, -8.59642482806424e-21, 0.247016938416302, 21, 18, 1.91654
2e-06, 4.94033876832604e-07, 303, -8.59767854648354e-21, 0.247016938416302, 21, 18, 1.91195
2e-06, 5.03841884934774e-07, 297, -8.22744311174798e-21, 0.251920942467387, 20, 18, 1.58634
2e-06, 5.03841884934774e-07, 300, -8.2286551239652e-21, 0.251920942467387, 20, 18, 1.58462
2e-06, 5.03841884934774e-07, 303, -8.22991265695394e-21, 0.251920942467387, 20, 17, 1.50291
2e-06, 5.13844610499538e-07, 297, -7.87612070542457e-21, 0.256922305249769, 20, 17, 1.50332
2e-06, 5.13844610499538e-07, 300, -7.8773390390355e-21, 0.256922305249769, 20, 17, 1.49984
2e-06, 5.13844610499538e-07, 303, -7.87860507145452e-21, 0.256922305249769, 20, 17, 1.4967
2e-06, 5.24045919234371e-07, 297, -7.53925187625135e-21, 0.262022959617186, 20, 17, 1.4975
2e-06, 5.24045919234371e-07, 300, -7.54047631255256e-21, 0.262022959617186, 20, 17, 1.49806
2e-06, 5.24045919234371e-07, 303, -7.54174851465426e-21, 0.262022959617186, 20, 17, 1.49633
2e-06, 5.34449753592276e-07, 297, -7.215203165644e-21, 0.267224876796138, 19, 17, 1.23157
2e-06, 5.34449753592276e-07, 300, -7.21643383841955e-21, 0.267224876796138, 19, 17, 1.2313
2e-06, 5.34449753592276e-07, 303, -7.21771233508772e-21, 0.267224876796138, 19, 17, 1.24483
2e-06, 5.45060134295403e-07, 297, -6.90572834829615e-21, 0.272530067147702, 19, 17, 1.23403
2e-06, 5.45060134295403e-07, 300, -6.90696372771465e-21, 0.272530067147702, 19, 16, 1.15899
2e-06, 5.45060134295403e-07, 303, -6.90824886129902e-21, 0.272530067147702, 19, 16, 1.15736
2e-06, 5.55881161888923e-07, 297, -6.60786210068303e-21, 0.277940580944461, 18, 16, 0.943379
2e-06, 5.55881161888923e-07, 300, -6.60910579987493e-21, 0.277940580944461, 18, 16, 0.942666
2e-06, 5.55881161888923e-07, 303, -6.61039738671377e-21, 0.277940580944461, 18, 16, 0.943506
2e-06, 5.66917018325743e-07, 297, -6.32363458675223e-21, 0.283458509162871, 18, 16, 0.945538
2e-06, 5.66917018325743e-07, 300, -6.32488481170154e-21, 0.283458509162871, 18, 16, 0.942682
2e-06, 5.66917018325743e-07, 303, -6.32618296295881e-21, 0.283458509162871, 18, 16, 0.946251
2e-06, 5.78171968582689e-07, 297, -6.05116757744375e-21, 0.289085984291344, 18, 16, 0.946924
2e-06, 5.78171968582689e-07, 300, -6.0524228242745e-21, 0.289085984291344, 18, 15, 0.885244
2e-06, 5.78171968582689e-07, 303, -6.05372784460272e-21, 0.289085984291344, 18, 15, 0.886786
2e-06, 5.89650362308769e-07, 297, -5.78889057849543e-21, 0.294825181154384, 17, 15, 0.713259
2e-06, 5.89650362308769e-07, 300, -5.79015431762122e-21, 0.294825181154384, 17, 15, 0.713102
2e-06, 5.89650362308769e-07, 303, -5.7914660090444e-21, 0.294825181154384, 17, 15, 0.715211
2e-06, 6.01356635506167e-07, 297, -5.53875073344654e-21, 0.300678317753083, 17, 15, 0.71323
2e-06, 6.01356635506167e-07, 300, -5.54002121116063e-21, 0.300678317753083, 17, 15, 0.712205
2e-06, 6.01356635506167e-07, 303, -5.54133965932737e-21, 0.300678317753083, 17, 15, 0.712963
2e-06, 6.13295312244597e-07, 297, -5.29900286687061e-21, 0.306647656122299, 17, 15, 0.714946
2e-06, 6.13295312244597e-07, 300, -5.30028015728429e-21, 0.306647656122299, 17, 15, 0.714764
2e-06, 6.13295312244597e-07, 303, -5.30160542650135e-21, 0.306647656122299, 17, 15, 0.714133
2e-06, 6.25471006409708e-07, 297, -5.06816058514766e-21, 0.312735503204854, 16, 15, 0.568665
2e-06, 6.25471006409708e-07, 300, -5.06944357564763e-21, 0.312735503204854, 16, 14, 0.530787
2e-06, 6.25471006409708e-07, 303, -5.07077587400345e-21, 0.312735503204854, 16, 14, 0.53138
2e-06, 6.37888423486184e-07, 297, -4.8481520625047e-21, 0.318944211743092, 16, 14, 0.534432
2e-06, 6.37888423486184e-07, 300, -4.849443281837e-21, 0.318944211743092, 16, 14, 0.53856
2e-06, 6.37888423486184e-07, 303, -4.85078244985688e-21, 0.318944211743092, 16, 14, 0.536625
2e-06, 6.50552362376255e-07, 297, -4.63732271856465e-21, 0.325276181188128, 16, 14, 0.533381
2e-06, 6.50552362376255e-07, 300, -4.63862085947746e-21, 0.325276181188128, 16, 14, 0.533745
2e-06, 6.50552362376255e-07, 303, -4.63996693403881e-21, 0.325276181188128, 16, 14, 0.534371
2e-06, 6.63467717254306e-07, 297, -4.43530763883958e-21, 0.331733858627153, 16, 14, 0.53092
2e-06, 6.63467717254306e-07, 300, -4.43661273455436e-21, 0.331733858627153, 16, 14, 0.529974
2e-06, 6.63467717254306e-07, 303, -4.43796460248915e-21, 0.331733858627153, 16, 13, 0.537391
2e-06, 6.76639479458304e-07, 297, -4.24084723660708e-21, 0.338319739729152, 15, 13, 0.389254
2e-06, 6.76639479458304e-07, 300, -4.24215945311922e-21, 0.338319739729152, 15, 13, 0.387095
2e-06, 6.76639479458304e-07, 303, -4.24351952238551e-21, 0.338319739729152, 15, 13, 0.387011
2e-06, 6.90072739418782e-07, 297, -4.05556962650962e-21, 0.345036369709391, 15, 13, 0.392416
2e-06, 6.90072739418782e-07, 300, -4.05688878630627e-21, 0.345036369709391, 15, 13, 0.387272
2e-06, 6.90072739418782e-07, 303, -4.05825575810053e-21, 0.345036369709391, 15, 13, 0.386688
2e-06, 7.03772688626111e-07, 297, -3.87807122046622e-21, 0.351886344313055, 15, 13, 0.386376
2e-06, 7.03772688626111e-07, 300, -3.87939732755857e-21, 0.351886344313055, 15, 13, 0.387127
2e-06, 7.03772688626111e-07, 303, -3.88077119457177e-21, 0.351886344313055, 15, 13, 0.387517
2e-06, 7.17744621636829e-07, 297, -3.70709461397178e-21, 0.358872310818415, 14, 13, 0.300635
2e-06, 7.17744621636829e-07, 300, -3.70842765573772e-21, 0.358872310818415, 14, 13, 0.299868
2e-06, 7.17744621636829e-07, 303, -3.70980839447197e-21, 0.358872310818415, 14, 13, 0.299707
2e-06, 7.31993938119813e-07, 297, -3.54438734909917e-21, 0.365996969059906, 14, 13, 0.299611
2e-06, 7.31993938119813e-07, 300, -3.54572650274022e-21, 0.365996969059906, 14, 12, 0.277422
2e-06, 7.31993938119813e-07, 303, -3.54711419074724e-21, 0.365996969059906, 14, 12, 0.27696
2e-06, 7.46526144943053e-07, 297, -3.38854054892618e-21, 0.373263072471526, 14, 12, 0.277915
2e-06, 7.46526144943053e-07, 300, -3.38988747362549e-21, 0.373263072471526, 14, 12, 0.277789
2e-06, 7.46526144943053e-07, 303, -3.3912819220381e-21, 0.373263072471526, 14, 12, 0.277079
2e-06, 7.61346858301874e-07, 297, -3.23928207576402e-21, 0.380673429150937, 14, 12, 0.277132
2e-06, 7.61346858301874e-07, 300, -3.24063579948526e-21, 0.380673429150937, 14, 12, 0.277262
2e-06, 7.61346858301874e-07, 303, -3.2420369534072e-21, 0.380673429150937, 14, 12, 0.28078
2e-06, 7.76461805889399e-07, 297, -3.09547990416117e-21, 0.388230902944699, 13, 12, 0.210638
2e-06, 7.76461805889399e-07, 300, -3.09684036730121e-21, 0.388230902944699, 13, 12, 0.210893
2e-06, 7.76461805889399e-07, 303, -3.09824815517971e-21, 0.388230902944699, 13, 12, 0.210947
2e-06, 7.91876829110102e-07, 297, -2.95875192116097e-21, 0.395938414555051, 13, 12, 0.211006
2e-06, 7.91876829110102e-07, 300, -2.96011905400105e-21, 0.395938414555051, 13, 12, 0.210989
2e-06, 7.91876829110102e-07, 303, -2.96153274210404e-21, 0.395938414555051, 13, 11, 0.19372
2e-06, 8.07597885337314e-07, 297, -2.82782834973863e-21, 0.403798942668657, 13, 11, 0.193726
2e-06, 8.07597885337314e-07, 300, -2.82920215435525e-21, 0.403798942668657, 13, 11, 0.193747
2e-06, 8.07597885337314e-07, 303, -2.83062302294353e-21, 0.403798942668657, 13, 11, 0.193485
2e-06, 8.23631050215535e-07, 297, -2.70247798918646e-21, 0.411815525107767, 13, 11, 0.193611
2e-06, 8.23631050215535e-07, 300, -2.70385825218555e-21, 0.411815525107767, 13, 11, 0.193485
2e-06, 8.23631050215535e-07, 303, -2.70528543951485e-21, 0.411815525107767, 13, 11, 0.196125
2e-06, 8.39982520008465e-07, 297, -2.5816422699529e-21, 0.419991260004233, 12, 11, 0.146336
2e-06, 8.39982520008465e-07, 300, -2.58302888058418e-21, 0.419991260004233, 12, 11, 0.146075
2e-06, 8.39982520008465e-07, 303, -2.58446226277886e-21, 0.419991260004233, 12, 11, 0.14645
2e-06, 8.56658613993647e-07, 297, -2.46690248352222e-21, 0.428329306996824, 12, 11, 0.149273
2e-06, 8.56658613993647e-07, 300, -2.46829531989869e-21, 0.428329306996824, 12, 11, 0.147323
2e-06, 8.56658613993647e-07, 303, -2.46973476130388e-21, 0.428329306996824, 12, 11, 0.146144
2e-06, 8.73665776904644e-07, 297, -2.3570683439325e-21, 0.436832888452322, 12, 11, 0.146012
2e-06, 8.73665776904644e-07, 300, -2.35846726619377e-21, 0.436832888452322, 12, 11, 0.146109
2e-06, 8.73665776904644e-07, 303, -2.35991212027496e-21, 0.436832888452322, 12, 10, 0.132951
2e-06, 8.91010581421709e-07, 297, -2.2519418977186e-21, 0.445505290710855, 12, 10, 0.132825
2e-06, 8.91010581421709e-07, 300, -2.25334681881237e-21, 0.445505290710855, 12, 10, 0.133244
2e-06, 8.91010581421709e-07, 303, -2.25479796156253e-21, 0.445505290710855, 12, 10, 0.132925
2e-06, 9.08699730711899e-07, 297, -2.15133400352075e-21, 0.45434986535595, 12, 10, 0.132712
2e-06, 9.08699730711899e-07, 300, -2.15274466703277e-21, 0.45434986535595, 12, 10, 0.132635
2e-06, 9.08699730711899e-07, 303, -2.1542013470595e-21, 0.45434986535595, 12, 10, 0.132746
2e-06, 9.26740061019616e-07, 297, -2.05434432198245e-21, 0.463370030509808, 11, 10, 0.096694
2e-06, 9.26740061019616e-07, 300, -2.05576054588916e-21, 0.463370030509808, 11, 10, 0.0968459
2e-06, 9.26740061019616e-07, 303, -2.0572225666986e-21, 0.463370030509808, 11, 10, 0.0968239
2e-06, 9.45138544308578e-07, 297, -1.96234037421225e-21, 0.472569272154289, 11, 10, 0.096725
2e-06, 9.45138544308578e-07, 300, -1.96376196357858e-21, 0.472569272154289, 11, 10, 0.096519
2e-06, 9.45138544308578e-07, 303, -1.96522911520104e-21, 0.472569272154289, 11, 10, 0.0966899
2e-06, 9.63902290956245e-07, 297, -1.87430890022279e-21, 0.481951145478123, 11, 10, 0.096344
2e-06, 9.63902290956245e-07, 300, -1.87573564179721e-21, 0.481951145478123, 11, 10, 0.096575
2e-06, 9.63902290956245e-07, 303, -1.87720769609208e-21, 0.481951145478123, 11, 10, 0.096544
2e-06, 9.83038552501731e-07, 297, -1.79008869931252e-21, 0.491519276250866, 11, 10, 0.0966599
2e-06, 9.83038552501731e-07, 300, -1.79152000925339e-21, 0.491519276250866, 11, 9, 0.0874321
2e-06, 9.83038552501731e-07, 303, -1.79299677220528e-21, 0.491519276250866, 11, 9, 0.0874979
2e-06, 1.00255472444827e-06, 297, -1.70874815596118e-21, 0.501277362224137, 10, 9, 0.061816
2e-06, 1.00255472444827e-06, 300, -1.71018453859759e-21, 0.501277362224137, 10, 9, 0.061748
2e-06, 1.00255472444827e-06, 303, -1.71166568361199e-21, 0.501277362224137, 10, 9, 0.062094
2e-06, 1.02245834912134e-06, 297, -1.63180773936591e-21, 0.511229174560672, 10, 9, 0.062012
2e-06, 1.02245834912134e-06, 300, -1.63324852653489e-21, 0.511229174560672, 10, 9, 0.062016
2e-06, 1.02245834912134e-06, 303, -1.6347337823438e-21, 0.511229174560672, 10, 9, 0.0622358
2e-06, 1.04275711858349e-06, 297, -1.55821338876301e-21, 0.521378559291743, 10, 9, 0.0620179
2e-06, 1.04275711858349e-06, 300, -1.55965830559578e-21, 0.521378559291743, 10, 9, 0.0620711
2e-06, 1.04275711858349e-06, 303, -1.56114738130248e-21, 0.521378559291743, 10, 9, 0.0619242
2e-06, 1.06345887760704e-06, 297, -1.48782880517532e-21, 0.531729438803522, 10, 9, 0.0631959
2e-06, 1.06345887760704e-06, 300, -1.48927755980711e-21, 0.531729438803522, 10, 9, 0.0630231
2e-06, 1.06345887760704e-06, 303, -1.49077014740172e-21, 0.531729438803522, 10, 9, 0.0619628
2e-06, 1.08457162670588e-06, 297, -1.42052268830212e-21, 0.542285813352942, 10, 9, 0.0620358
2e-06, 1.08457162670588e-06, 300, -1.42197497196751e-21, 0.542285813352942, 10, 9, 0.0620272
2e-06, 1.08457162670588e-06, 303, -1.42347074640728e-21, 0.542285813352942, 10, 9, 0.062093
2e-06, 1.10610352522733e-06, 297, -1.3561685935997e-21, 0.553051762613664, 10, 9, 0.0621309
2e-06, 1.10610352522733e-06, 300, -1.35762408069501e-21, 0.553051762613664, 10, 9, 0.0618732
2e-06, 1.10610352522733e-06, 303, -1.35912248070647e-21, 0.553051762613664, 10, 8, 0.0553761
2e-06, 1.12806289450545e-06, 297, -1.29398954729627e-21, 0.564031447252724, 9, 8, 0.0383539
2e-06, 1.12806289450545e-06, 300, -1.29544792514911e-21, 0.564031447252724, 9, 8, 0.038331
2e-06, 1.12806289450545e-06, 303, -1.29694905565007e-21, 0.564031447252724, 9, 8, 0.038285
2e-06, 1.15045822107698e-06, 297, -1.23527673125824e-21, 0.575229110538491, 9, 8, 0.0386059
2e-06, 1.15045822107698e-06, 300, -1.23673760272577e-21, 0.575229110538491, 9, 8, 0.038281
2e-06, 1.15045822107698e-06, 303, -1.23824083613459e-21, 0.575229110538491, 9, 8, 0.0382581
2e-06, 1.17329815996108e-06, 297, -1.17915060172315e-21, 0.58664907998054, 9, 8, 0.03883
2e-06, 1.17329815996108e-06, 300, -1.18061359312027e-21, 0.58664907998054, 9, 8, 0.0382712
2e-06, 1.17329815996108e-06, 303, -1.18211853864386e-21, 0.58664907998054, 9, 8, 0.0383871
2e-06, 1.19659153800418e-06, 297, -1.12550449341274e-21, 0.59829576900209, 9, 8, 0.0382171
2e-06, 1.19659153800418e-06, 300, -1.12696921383481e-21, 0.59829576900209, 9, 8, 0.038254
2e-06, 1.19659153800418e-06, 303, -1.12847546341532e-21, 0.59829576900209, 9, 8, 0.0383248
2e-06, 1.22034735729126e-06, 297, -1.07423568259445e-21, 0.610173678645632, 9, 8, 0.0382872
2e-06, 1.22034735729126e-06, 300, -1.07570172411756e-21, 0.610173678645632, 9, 8, 0.0383248
2e-06, 1.22034735729126e-06, 303, -1.0772088526358e-21, 0.610173678645632, 9, 8, 0.0382411
2e-06, 1.24457479862487e-06, 297, -1.02524527206717e-21, 0.622287399312434, 9, 8, 0.0384169
2e-06, 1.24457479862487e-06, 300, -1.02671220994575e-21, 0.622287399312434, 9, 8, 0.0386519
2e-06, 1.24457479862487e-06, 303, -1.02821977542823e-21, 0.622287399312434, 9, 8, 0.0383291
2e-06, 1.26928322507313e-06, 297, -9.77829507812137e-22, 0.634641612536566, 8, 8, 0.0256228
2e-06, 1.26928322507313e-06, 300, -9.79296900401327e-22, 0.634641612536566, 8, 8, 0.02564
2e-06, 1.26928322507313e-06, 303, -9.80804313648658e-22, 0.634641612536566, 8, 7, 0.022501
2e-06, 1.29448218558831e-06, 297, -9.33202749197256e-22, 0.647241092794156, 8, 7, 0.0225091
2e-06, 1.29448218558831e-06, 300, -9.34670158151131e-22, 0.647241092794156, 8, 7, 0.0224621
2e-06, 1.29448218558831e-06, 303, -9.36177221373884e-22, 0.647241092794156, 8, 7, 0.0225298
2e-06, 1.32018141869711e-06, 297, -8.90567476445903e-22, 0.660090709348555, 8, 7, 0.022469
2e-06, 1.32018141869711e-06, 300, -8.92034403425948e-22, 0.660090709348555, 8, 7, 0.0225711
2e-06, 1.32018141869711e-06, 303, -8.93540474338643e-22, 0.660090709348555, 8, 7, 0.0225441
2e-06, 1.34639085626429e-06, 297, -8.49840336820207e-22, 0.673195428132145, 8, 7, 0.022609
2e-06, 1.34639085626429e-06, 300, -8.51306293530976e-22, 0.673195428132145, 8, 7, 0.0225668
2e-06, 1.34639085626429e-06, 303, -8.52810866485859e-22, 0.673195428132145, 8, 7, 0.0225961
2e-06, 1.37312062733099e-06, 297, -8.10941240654481e-22, 0.686560313665493, 8, 7, 0.0226789
2e-06, 1.37312062733099e-06, 300, -8.12405722911014e-22, 0.686560313665493, 8, 7, 0.0225971
2e-06, 1.37312062733099e-06, 303, -8.13908276506224e-22, 0.686560313665493, 8, 7, 0.0231409
2e-06, 1.40038106202924e-06, 297, -7.73793092146545e-22, 0.700190531014618, 8, 7, 0.022594
2e-06, 1.40038106202924e-06, 300, -7.75255580341464e-22, 0.700190531014618, 8, 7, 0.0225201
2e-06, 1.40038106202924e-06, 303, -7.7675557791375e-22, 0.700190531014618, 8, 7, 0.0238791
2e-06, 1.42818269557422e-06, 297, -7.38321699805996e-22, 0.714091347787111, 8, 7, 0.0226779
2e-06, 1.42818269557422e-06, 300, -7.39781659409631e-22, 0.714091347787111, 8, 7, 0.022526
2e-06, 1.42818269557422e-06, 303, -7.41278549565439e-22, 0.714091347787111, 8, 7, 0.022681
2e-06, 1.45653627233575e-06, 297, -7.03912581600119e-22, 0.728268136167877, 7, 7, 0.014374
2e-06, 1.45653627233575e-06, 300, -7.05369463409358e-22, 0.728268136167877, 7, 7, 0.014364
2e-06, 1.45653627233575e-06, 303, -7.0686268032349e-22, 0.728268136167877, 7, 7, 0.014497
2e-06, 1.48545274999061e-06, 297, -6.7166081499525e-22, 0.742726374995307, 7, 7, 0.015121
2e-06, 1.48545274999061e-06, 300, -6.73114056666086e-22, 0.742726374995307, 7, 7, 0.0150049
2e-06, 1.48545274999061e-06, 303, -6.74602948020478e-22, 0.742726374995307, 7, 6, 0.0130401
2e-06, 1.51494330375731e-06, 297, -6.40869293509315e-22, 0.757471651878653, 7, 6, 0.013016
2e-06, 1.51494330375731e-06, 300, -6.42318330181317e-22, 0.757471651878653, 7, 6, 0.013087
2e-06, 1.51494330375731e-06, 303, -6.43802460546187e-22, 0.757471651878653, 7, 6, 0.0130281
2e-06, 1.54501933071489e-06, 297, -6.11476025984611e-22, 0.772509665357447, 7, 6, 0.0130041
2e-06, 1.54501933071489e-06, 300, -6.12920255203738e-22, 0.772509665357447, 7, 6, 0.0130589
2e-06, 1.54501933071489e-06, 303, -6.1439893498809e-22, 0.772509665357447, 7, 6, 0.0129938
2e-06, 1.57569245420759e-06, 297, -5.83421080571573e-22, 0.787846227103794, 7, 6, 0.01299
2e-06, 1.57569245420759e-06, 300, -5.84859903286026e-22, 0.787846227103794, 7, 6, 0.013027
2e-06, 1.57569245420759e-06, 303, -5.86332518027046e-22, 0.787846227103794, 7, 6, 0.0129788
2e-06, 1.60697452833675e-06, 297, -5.56646882803653e-22, 0.803487264168377, 7, 6, 0.012872
2e-06, 1.60697452833675e-06, 300, -5.58079688927102e-22, 0.803487264168377, 7, 6, 0.0129859
2e-06, 1.60697452833675e-06, 303, -5.5954561361794e-22, 0.803487264168377, 7, 6, 0.0133159
2e-06, 1.63887764254211e-06, 297, -5.31098046358562e-22, 0.819438821271057, 7, 6, 0.013334
2e-06, 1.63887764254211e-06, 300, -5.32524215749218e-22, 0.819438821271057, 7, 6, 0.013139
2e-06, 1.63887764254211e-06, 303, -5.33982815866097e-22, 0.819438821271057, 7, 6, 0.012429
2e-06, 1.67141412627391e-06, 297, -5.06162263654896e-22, 0.835707063136954, 6, 6, 0.00749803
2e-06, 1.67141412627391e-06, 300, -5.07581165932708e-22, 0.835707063136954, 6, 6, 0.00751495
2e-06, 1.67141412627391e-06, 303, -5.09031797192638e-22, 0.835707063136954, 6, 6, 0.00746894
2e-06, 1.70459655375778e-06, 297, -4.82983132342084e-22, 0.852298276878891, 6, 6, 0.00751114
2e-06, 1.70459655375778e-06, 300, -4.84394131740294e-22, 0.852298276878891, 6, 6, 0.00749898
2e-06, 1.70459655375778e-06, 303, -4.85836145332884e-22, 0.852298276878891, 6, 6, 0.00753403
2e-06, 1.73843774885431e-06, 297, -4.60865757248548e-22, 0.869218874427157, 6, 6, 0.00744319
2e-06, 1.73843774885431e-06, 300, -4.62268209975389e-22, 0.869218874427157, 6, 6, 0.0073998
2e-06, 1.73843774885431e-06, 303, -4.6370094966331e-22, 0.869218874427157, 6, 6, 0.00738692
2e-06, 1.77295079001497e-06, 297, -4.39764037221691e-22, 0.886475395007484, 6, 6, 0.00735497
2e-06, 1.77295079001497e-06, 300, -4.4115729402796e-22, 0.886475395007484, 6, 6, 0.00738692
2e-06, 1.77295079001497e-06, 303, -4.42580098873598e-22, 0.886475395007484, 6, 6, 0.00759912
2e-06, 1.80814901533648e-06, 297, -4.19633605523712e-22, 0.904074507668241, 6, 6, 0.00747013
2e-06, 1.80814901533648e-06, 300, -4.21017013033006e-22, 0.904074507668241, 6, 6, 0.00747204
2e-06, 1.80814901533648e-06, 303, -4.22429190503744e-22, 0.904074507668241, 6, 5, 0.006284
2e-06, 1.84404602771557e-06, 297, -4.00431753386233e-22, 0.922023013857788, 6, 5, 0.00626993
2e-06, 1.84404602771557e-06, 300, -4.01804659902055e-22, 0.922023013857788, 6, 5, 0.00638485
2e-06, 1.84404602771557e-06, 303, -4.03205604170194e-22, 0.922023013857788, 6, 5, 0.00630307
2e-06, 1.88065570010599e-06, 297, -3.82117500257645e-22, 0.940327850052996, 6, 5, 0.00648785
2e-06, 1.88065570010599e-06, 300, -3.83479242719705e-22, 0.940327850052996, 6, 5, 0.00637412
2e-06, 1.88065570010599e-06, 303, -3.84868254278803e-22, 0.940327850052996, 6, 5, 0.00636387
2e-06, 1.91799218087992e-06, 297, -3.64651352002784e-22, 0.958996090439962, 6, 5, 0.006392
2e-06, 1.91799218087992e-06, 300, -3.66001273759852e-22, 0.958996090439962, 6, 5, 0.00632715
2e-06, 1.91799218087992e-06, 303, -3.67377687831008e-22, 0.958996090439962, 6, 5, 0.00623202
2e-06, 1.95606989929587e-06, 297, -3.47995395334216e-22, 0.978034949647934, 6, 5, 0.00641894
2e-06, 1.95606989929587e-06, 300, -3.49332841559752e-22, 0.978034949647934, 6, 5, 0.00638008
2e-06, 1.95606989929587e-06, 303, -3.50695996250524e-22, 0.978034949647934, 6, 5, 0.006253
2e-06, 1.99490357107503e-06, 297, -3.32113211211437e-22, 0.997451785537515, 6, 5, 0.00623608
2e-06, 1.99490357107503e-06, 300, -3.33437530614478e-22, 0.997451785537515, 6, 5, 0.006248
2e-06, 1.99490357107503e-06, 303, -3.34786768680409e-22, 0.997451785537515, 6, 5, 0.0062542
2e-06, 2.03450820408845e-06, 297, -3.16523153895381e-22, 1.01725410204422, 5, 5, 0.00351
2e-06, 2.03450820408845e-06, 300, -3.17833688561677e-22, 1.01725410204422, 5, 5, 0.00355315
2e-06, 2.03450820408845e-06, 303, -3.19168346057405e-22, 1.01725410204422, 5, 5, 0.0036931
2e-06, 2.07489910415701e-06, 297, -3.02144351472631e-22, 1.03744955207851, 5, 5, 0.00364399
2e-06, 2.07489910415701e-06, 300, -3.03440474640146e-22, 1.03744955207851, 5, 5, 0.00365901
2e-06, 2.07489910415701e-06, 303, -3.04759922485278e-22, 1.03744955207851, 5, 5, 0.00365996
2e-06, 2.11609188096663e-06, 297, -2.88431122587415e-22, 1.05804594048332, 5, 5, 0.00367308
2e-06, 2.11609188096663e-06, 300, -2.89712204334288e-22, 1.05804594048332, 5, 5, 0.0036459
2e-06, 2.11609188096663e-06, 303, -2.91015810273359e-22, 1.05804594048332, 5, 5, 0.00359511
2e-06, 2.15810245410085e-06, 297, -2.7535344477183e-22, 1.07905122705043, 5, 5, 0.0036149
2e-06, 2.15810245410085e-06, 300, -2.76618866018713e-22, 1.07905122705043, 5, 5, 0.00352788
2e-06, 2.15810245410085e-06, 303, -2.77906009925836e-22, 1.07905122705043, 5, 5, 0.00350809
2e-06, 2.2009470591932e-06, 297, -2.62882473974036e-22, 1.1004735295966, 5, 5, 0.00354409
2e-06, 2.2009470591932e-06, 300, -2.64131628389955e-22, 1.1004735295966, 5, 5, 0.00354886
2e-06, 2.2009470591932e-06, 303, -2.65401704207947e-22, 1.1004735295966, 5, 5, 0.00361013
2e-06, 2.24464225420172e-06, 297, -2.50990511697277e-22, 1.12232112710086, 5, 5, 0.00364804
2e-06, 2.24464225420172e-06, 300, -2.52222807619878e-22, 1.12232112710086, 5, 5, 0.00374603
2e-06, 2.24464225420172e-06, 303, -2.53475225308174e-22, 1.12232112710086, 5, 5, 0.00351405
2e-06, 2.28920492580803e-06, 297, -2.39650972394582e-22, 1.14460246290401, 5, 5, 0.00352311
2e-06, 2.28920492580803e-06, 300, -2.4086583475392e-22, 1.14460246290401, 5, 5, 0.00348783
2e-06, 2.28920492580803e-06, 303, -2.42100014081395e-22, 1.14460246290401, 5, 4, 0.0028789
2e-06, 2.33465229594346e-06, 297, -2.2883834322844e-22, 1.16732614797173, 5, 4, 0.00288892
2e-06, 2.33465229594346e-06, 300, -2.30035216797604e-22, 1.16732614797173, 5, 4, 0.00294304
2e-06, 2.33465229594346e-06, 303, -2.31250622993792e-22, 1.16732614797173, 5, 4, 0.00293994
2e-06, 2.38100192844471e-06, 297, -2.18528186468021e-22, 1.19050096422236, 5, 4, 0.00293088
2e-06, 2.38100192844471e-06, 300, -2.19706533334686e-22, 1.19050096422236, 5, 4, 0.0029099
2e-06, 2.38100192844471e-06, 303, -2.20902626392902e-22, 1.19050096422236, 5, 4, 0.00286222
2e-06, 2.42827173584171e-06, 297, -2.08697051692844e-22, 1.21413586792085, 5, 4, 0.00285101
2e-06, 2.42827173584171e-06, 300, -2.09856358089239e-22, 1.21413586792085, 5, 4, 0.00286603
2e-06, 2.42827173584171e-06, 303, -2.11032631380755e-22, 1.21413586792085, 5, 4, 0.00292683
2e-06, 2.47647998628012e-06, 297, -1.99322486045503e-22, 1.23823999314006, 5, 4, 0.00308013
2e-06, 2.47647998628012e-06, 300, -2.00462262246284e-22, 1.23823999314006, 5, 4, 0.00291395
2e-06, 2.47647998628012e-06, 303, -2.01618234573336e-22, 1.23823999314006, 5, 4, 0.00292802
2e-06, 2.52564531058141e-06, 297, -1.89980826601114e-22, 1.26282265529071, 4, 4, 0.00148511
2e-06, 2.52564531058141e-06, 300, -1.91100495506931e-22, 1.26282265529071, 4, 4, 0.00149417
2e-06, 2.52564531058141e-06, 303, -1.92235591296592e-22, 1.26282265529071, 4, 4, 0.00149608
2e-06, 2.57578670944298e-06, 297, -1.81506423216239e-22, 1.28789335472149, 4, 4, 0.00153708
2e-06, 2.57578670944298e-06, 300, -1.82605665135444e-22, 1.28789335472149, 4, 4, 0.00149393
2e-06, 2.57578670944298e-06, 303, -1.83719584709132e-22, 1.28789335472149, 4, 4, 0.00146604
2e-06, 2.62692356078129e-06, 297, -1.7342079932193e-22, 1.31346178039064, 4, 4, 0.00148296
2e-06, 2.62692356078129e-06, 300, -1.74499206999871e-22, 1.31346178039064, 4, 4, 0.00146484
2e-06, 2.62692356078129e-06, 303, -1.75591555655752e-22, 1.31346178039064, 4, 4, 0.00150299
2e-06, 2.67907562722076e-06, 297, -1.65705819152029e-22, 1.33953781361038, 4, 4, 0.00146317
2e-06, 2.67907562722076e-06, 300, -1.66763015905484e-22, 1.33953781361038, 4, 4, 0.00146604
2e-06, 2.67907562722076e-06, 303, -1.67833430779589e-22, 1.33953781361038, 4, 4, 0.00150681
2e-06, 2.73226306373134e-06, 297, -1.58344114323078e-22, 1.36613153186567, 4, 4, 0.00146604
2e-06, 2.73226306373134e-06, 300, -1.59379755415688e-22, 1.36613153186567, 4, 4, 0.00154519
2e-06, 2.73226306373134e-06, 303, -1.60427906806674e-22, 1.36613153186567, 4, 4, 0.00157213
2e-06, 2.78650642541768e-06, 297, -1.51319061866562e-22, 1.39325321270884, 4, 4, 0.00157022
2e-06, 2.78650642541768e-06, 300, -1.52332835755957e-22, 1.39325321270884, 4, 4, 0.00153804
2e-06, 2.78650642541768e-06, 303, -1.53358428313516e-22, 1.39325321270884, 4, 4, 0.00146484
2e-06, 2.84182667546301e-06, 297, -1.44614762249925e-22, 1.42091333773151, 4, 4, 0.00149202
2e-06, 2.84182667546301e-06, 300, -1.45606391694968e-22, 1.42091333773151, 4, 4, 0.00149012
2e-06, 2.84182667546301e-06, 303, -1.46609165460633e-22, 1.42091333773151, 4, 4, 0.0014658
2e-06, 2.89824519323067e-06, 297, -1.38216017413755e-22, 1.44912259661533, 4, 4, 0.0014739
2e-06, 2.89824519323067e-06, 300, -1.39185260431253e-22, 1.44912259661533, 4, 4, 0.00146699
2e-06, 2.89824519323067e-06, 303, -1.40164991721352e-22, 1.44912259661533, 4, 4, 0.00149202
2e-06, 2.95578378252647e-06, 297, -1.32108308850966e-22, 1.47789189126323, 4, 4, 0.0016582
2e-06, 2.95578378252647e-06, 300, -1.33054959512295e-22, 1.47789189126323, 4, 4, 0.00154614
2e-06, 2.95578378252647e-06, 303, -1.34011461634033e-22, 1.47789189126323, 4, 4, 0.00156212
2e-06, 3.01446468002513e-06, 297, -1.262777757527e-22, 1.50723234001257, 4, 4, 0.00152516
2e-06, 3.01446468002513e-06, 300, -1.27201664812047e-22, 1.50723234001257, 4, 4, 0.00154614
2e-06, 3.01446468002513e-06, 303, -1.28134788605041e-22, 1.50723234001257, 4, 4, 0.00152516
2e-06, 3.074310563864e-06, 297, -1.20711193244841e-22, 1.537155281932, 4, 4, 0.00154686
2e-06, 3.074310563864e-06, 300, -1.21612188592212e-22, 1.537155281932, 4, 4, 0.0014689
2e-06, 3.074310563864e-06, 303, -1.22521822789326e-22, 1.537155281932, 4, 4, 0.00149989
2e-06, 3.13534456240735e-06, 297, -1.15395950738594e-22, 1.56767228120368, 4, 4, 0.00149107
2e-06, 3.13534456240735e-06, 300, -1.16273956522633e-22, 1.56767228120368, 4, 3, 0.00115991
2e-06, 3.13534456240735e-06, 303, -1.17160028132525e-22, 1.56767228120368, 4, 3, 0.00120497
2e-06, 3.19759026318468e-06, 297, -1.10320029500121e-22, 1.59879513159234, 4, 3, 0.00115514
2e-06, 3.19759026318468e-06, 300, -1.11174990983087e-22, 1.59879513159234, 4, 3, 0.00120401
2e-06, 3.19759026318468e-06, 303, -1.12037464587617e-22, 1.59879513159234, 4, 3, 0.00122094
2e-06, 3.2610717220065e-06, 297, -1.05471985293512e-22, 1.63053586100325, 4, 3, 0.00119996
2e-06, 3.2610717220065e-06, 300, -1.06303881294029e-22, 1.63053586100325, 4, 3, 0.00115013
2e-06, 3.2610717220065e-06, 303, -1.07142759629066e-22, 1.63053586100325, 4, 3, 0.00116706
2e-06, 3.32581347226108e-06, 297, -1.0084092062963e-22, 1.66290673613054, 4, 3, 0.00115085
2e-06, 3.32581347226108e-06, 300, -1.01649768474264e-22, 1.66290673613054, 4, 3, 0.00114989
2e-06, 3.32581347226108e-06, 303, -1.02465091734218e-22, 1.66290673613054, 4, 3, 0.00118899
2e-06, 3.39184053439572e-06, 297, -9.61013260060938e-23, 1.69592026719786, 3, 3, 0.000514984
2e-06, 3.39184053439572e-06, 300, -9.68864752637475e-23, 1.69592026719786, 3, 3, 0.00051403
2e-06, 3.39184053439572e-06, 303, -9.76775875378929e-23, 1.69592026719786, 3, 3, 0.000512123
2e-06, 3.45917842558632e-06, 297, -9.19100842754131e-23, 1.72958921279316, 3, 3, 0.000510931
2e-06, 3.45917842558632e-06, 300, -9.26723681094896e-23, 1.72958921279316, 3, 3, 0.000509977
2e-06, 3.45917842558632e-06, 303, -9.3440156738934e-23, 1.72958921279316, 3, 3, 0.000510931
2e-06, 3.52785316959886e-06, 297, -8.79021639623138e-23, 1.76392658479943, 3, 3, 0.000509977
2e-06, 3.52785316959886e-06, 300, -8.86417066334079e-23, 1.76392658479943, 3, 3, 0.000516891
2e-06, 3.52785316959886e-06, 303, -8.93863190436489e-23, 1.76392658479943, 3, 3, 0.000515938
2e-06, 3.59789130684671e-06, 297, -8.40690933951408e-23, 1.79894565342336, 3, 3, 0.000510931
2e-06, 3.59789130684671e-06, 300, -8.47860532510681e-23, 1.79894565342336, 3, 3, 0.000568867
2e-06, 3.59789130684671e-06, 303, -8.55076708846417e-23, 1.79894565342336, 3, 3, 0.000566006
2e-06, 3.66931990464758e-06, 297, -8.04028063747269e-23, 1.83465995232379, 3, 3, 0.000565052
2e-06, 3.66931990464758e-06, 300, -8.1097374706135e-23, 1.83465995232379, 3, 3, 0.000542879
2e-06, 3.66931990464758e-06, 303, -8.1796211778939e-23, 1.83465995232379, 3, 3, 0.000521898
2e-06, 3.74216656768408e-06, 297, -7.68956264329304e-23, 1.87108328384204, 3, 3, 0.000512123
2e-06, 3.74216656768408e-06, 300, -7.75680261799938e-23, 1.87108328384204, 3, 3, 0.000513077
2e-06, 3.74216656768408e-06, 303, -7.82443282926358e-23, 1.87108328384204, 3, 3, 0.000525951
2e-06, 3.81645944867198e-06, 297, -7.3540251159123e-23, 1.90822972433599, 3, 3, 0.000538111
2e-06, 3.81645944867198e-06, 300, -7.41907354810271e-23, 1.90822972433599, 3, 3, 0.00053215
2e-06, 3.81645944867198e-06, 303, -7.48447780977329e-23, 1.90822972433599, 3, 3, 0.00051403
2e-06, 3.89222725924028e-06, 297, -7.03297366376483e-23, 1.94611362962014, 3, 3, 0.000546932
2e-06, 3.89222725924028e-06, 300, -7.09585873578048e-23, 1.94611362962014, 3, 3, 0.000536919
2e-06, 3.89222725924028e-06, 303, -7.15906741665901e-23, 1.94611362962014, 3, 3, 0.000553131
2e-06, 3.96949928102726e-06, 297, -6.72574820385146e-23, 1.98474964051363, 3, 3, 0.000540018
2e-06, 3.96949928102726e-06, 300, -6.78650079795162e-23, 1.98474964051363, 3, 3, 0.000565052
2e-06, 3.96949928102726e-06, 303, -6.84754691483029e-23, 1.98474964051363, 3, 3, 0.000599146
2e-06, 4.0483053769968e-06, 297, -6.43172144025309e-23, 2.0241526884984, 3, 3, 0.000623941
2e-06, 4.0483053769968e-06, 300, -6.49037496257224e-23, 2.0241526884984, 3, 3, 0.000634909
2e-06, 4.0483053769968e-06, 303, -6.5492939969858e-23, 2.0241526884984, 3, 3, 0.000542879
2e-06, 4.12867600297939e-06, 297, -6.15029736607101e-23, 2.0643380014897, 3, 3, 0.000535965
2e-06, 4.12867600297939e-06, 300, -6.20688756259217e-23, 2.0643380014897, 3, 3, 0.000518084
2e-06, 4.12867600297939e-06, 303, -6.2637172703131e-23, 2.0643380014897, 3, 3, 0.000514984
2e-06, 4.21064221944227e-06, 297, -5.88090979260855e-23, 2.10532110972114, 3, 3, 0.000511885
2e-06, 4.21064221944227e-06, 300, -5.93547455875282e-23, 2.10532110972114, 3, 3, 0.000510931
2e-06, 4.21064221944227e-06, 303, -5.99025477366703e-23, 2.10532110972114, 3, 3, 0.00053215
2e-06, 4.29423570349321e-06, 297, -5.62302090940768e-23, 2.1471178517466, 3, 3, 0.000513077
2e-06, 4.29423570349321e-06, 300, -5.67560009486373e-23, 2.1471178517466, 3, 3, 0.000511169
2e-06, 4.29423570349321e-06, 303, -5.72837252887714e-23, 2.1471178517466, 3, 3, 0.000509977
2e-06, 4.37948876112262e-06, 297, -5.37611987852475e-23, 2.18974438056131, 3, 3, 0.000510931
2e-06, 4.37948876112262e-06, 300, -5.4267550889442e-23, 2.18974438056131, 3, 3, 0.000540972
2e-06, 4.37948876112262e-06, 303, -5.47756312956147e-23, 2.18974438056131, 3, 3, 0.000537872
2e-06, 4.46643433968869e-06, 297, -5.13972146617155e-23, 2.23321716984435, 3, 3, 0.000571012
2e-06, 4.46643433968869e-06, 300, -5.18845586333693e-23, 2.23321716984435, 3, 3, 0.00051403
2e-06, 4.46643433968869e-06, 303, -5.23734437052339e-23, 2.23321716984435, 3, 3, 0.000510931
2e-06, 4.55510604065045e-06, 297, -4.91336471456496e-23, 2.27755302032522, 3, 3, 0.000509977
2e-06, 4.55510604065045e-06, 300, -4.96024281659718e-23, 2.27755302032522, 3, 3, 0.000510216
2e-06, 4.55510604065045e-06, 303, -5.00725792048484e-23, 2.27755302032522, 3, 3, 0.000510931
2e-06, 4.64553813255349e-06, 297, -4.69661165652276e-23, 2.32276906627675, 3, 3, 0.000509977
2e-06, 4.64553813255349e-06, 300, -4.74167913963663e-23, 2.32276906627675, 3, 3, 0.000512123
2e-06, 4.64553813255349e-06, 303, -4.78686804056597e-23, 2.32276906627675, 3, 3, 0.000517845
2e-06, 4.73776556427365e-06, 297, -4.48904607501963e-23, 2.36888278213683, 3, 3, 0.000511885
2e-06, 4.73776556427365e-06, 300, -4.53234957825913e-23, 2.36888278213683, 3, 3, 0.000538111
2e-06, 4.73776556427365e-06, 303, -4.57576035056252e-23, 2.36888278213683, 3, 3, 0.000538111
2e-06, 4.8318239785235e-06, 297, -4.29027230957935e-23, 2.41591198926175, 3, 3, 0.000538111
2e-06, 4.8318239785235e-06, 300, -4.33185924099331e-23, 2.41591198926175, 3, 2, 0.000375032
2e-06, 4.8318239785235e-06, 303, -4.37354064241762e-23, 2.41591198926175, 3, 2, 0.00037694
2e-06, 4.92774972562702e-06, 297, -4.09991410880277e-23, 2.46387486281351, 3, 2, 0.000373125
2e-06, 4.92774972562702e-06, 300, -4.13983247203438e-23, 2.46387486281351, 3, 2, 0.00039506
2e-06, 4.92774972562702e-06, 303, -4.17983375680746e-23, 2.46387486281351, 3, 2, 0.00037694
2e-06, 5.02557987756778e-06, 297, -3.91761354444274e-23, 2.51278993878389, 3, 2, 0.000372887
2e-06, 5.02557987756778e-06, 300, -3.95591174115581e-23, 2.51278993878389, 3, 2, 0.000375032
2e-06, 5.02557987756778e-06, 303, -3.99428248466588e-23, 2.51278993878389, 3, 2, 0.000374794
2e-06, 5.12535224231593e-06, 297, -3.7430299497417e-23, 2.56267612115797, 3, 2, 0.00037384
2e-06, 5.12535224231593e-06, 300, -3.77975662189135e-23, 2.56267612115797, 3, 2, 0.000372887
2e-06, 5.12535224231593e-06, 303, -3.81654655037187e-23, 2.56267612115797, 3, 2, 0.000375986
2e-06, 5.22710537843972e-06, 297, -3.57583893722177e-23, 2.61355268921986, 3, 2, 0.000374079
2e-06, 5.22710537843972e-06, 300, -3.61104280089251e-23, 2.61355268921986, 3, 2, 0.000374079
2e-06, 5.22710537843972e-06, 303, -3.64630163108245e-23, 2.61355268921986, 3, 2, 0.000403881
2e-06, 5.33087861000701e-06, 297, -3.41573145151239e-23, 2.6654393050035, 3, 2, 0.000375032
2e-06, 5.33087861000701e-06, 300, -3.44946114361109e-23, 2.6654393050035, 3, 2, 0.000374079
2e-06, 5.33087861000701e-06, 303, -3.48323843210685e-23, 2.6654393050035, 3, 2, 0.000374079
2e-06, 5.43671204178268e-06, 297, -3.26241287654449e-23, 2.71835602089134, 3, 2, 0.000375032
2e-06, 5.43671204178268e-06, 300, -3.29471681130556e-23, 2.71835602089134, 3, 2, 0.000401974
2e-06, 5.43671204178268e-06, 303, -3.32706181412267e-23, 2.71835602089134, 3, 2, 0.000426054
2e-06, 5.54464657472775e-06, 297, -3.11560219297357e-23, 2.77232328736387, 3, 2, 0.0004251
2e-06, 5.54464657472775e-06, 300, -3.14652842871965e-23, 2.77232328736387, 3, 2, 0.000426054
2e-06, 5.54464657472775e-06, 303, -3.17748997144278e-23, 2.77232328736387, 3, 2, 0.000390053
2e-06, 5.65472392180617e-06, 297, -2.97503118502528e-23, 2.82736196090308, 3, 2, 0.000375032
2e-06, 5.65472392180617e-06, 300, -3.00462730149131e-23, 2.82736196090308, 3, 2, 0.00037384
2e-06, 5.65472392180617e-06, 303, -3.0342536602565e-23, 2.82736196090308, 3, 2, 0.000375986
2e-06, 5.76698662410543e-06, 297, -2.84044369568726e-23, 2.88349331205271, 3, 2, 0.000373125
2e-06, 5.76698662410543e-06, 300, -2.86875668208518e-23, 2.88349331205271, 3, 2, 0.000372887
2e-06, 5.76698662410543e-06, 303, -2.89709547550884e-23, 2.88349331205271, 3, 2, 0.00037384
2e-06, 5.88147806727725e-06, 297, -2.71159492892681e-23, 2.94073903363862, 3, 2, 0.00040102
2e-06, 5.88147806727725e-06, 300, -2.73867108280456e-23, 2.94073903363862, 3, 2, 0.000401974
2e-06, 5.88147806727725e-06, 303, -2.76576917485283e-23, 2.94073903363862, 3, 2, 0.000401974
2e-06, 5.99824249830459e-06, 297, -2.58825079739845e-23, 2.99912124915229, 3, 2, 0.00041604
2e-06, 5.99824249830459e-06, 300, -2.61413563423156e-23, 2.99912124915229, 3, 2, 0.000375032
2e-06, 5.99824249830459e-06, 303, -2.64003904791103e-23, 2.99912124915229, 3, 2, 0.000371933
2e-06, 6.11732504260162e-06, 297, -2.47018731391845e-23, 3.05866252130081, 3, 2, 0.000372171
2e-06, 6.11732504260162e-06, 300, -2.49492548726659e-23, 3.05866252130081, 3, 2, 0.000374079
2e-06, 6.11732504260162e-06, 303, -2.51967932891596e-23, 3.05866252130081, 3, 2, 0.000374079
2e-06, 6.2387717214531e-06, 297, -2.3571900248274e-23, 3.11938586072655, 3, 2, 0.000374079
2e-06, 6.2387717214531e-06, 300, -2.38082525679331e-23, 3.11938586072655, 3, 2, 0.000372887
2e-06, 6.2387717214531e-06, 303, -2.40447365066438e-23, 3.11938586072655, 3, 2, 0.000373125
2e-06, 6.36262946980005e-06, 297, -2.24905348323572e-23, 3.18131473490003, 3, 2, 0.000371933
2e-06, 6.36262946980005e-06, 300, -2.27162850487989e-23, 3.18131473490003, 3, 2, 0.000397205
2e-06, 6.36262946980005e-06, 303, -2.29421453761759e-23, 3.18131473490003, 3, 2, 0.000403881
2e-06, 6.48894615437845e-06, 297, -2.14558076005144e-23, 3.24447307718922, 3, 2, 0.000399828
2e-06, 6.48894615437845e-06, 300, -2.16713726134394e-23, 3.24447307718922, 3, 2, 0.00040102
2e-06, 6.48894615437845e-06, 303, -2.18870293590814e-23, 3.24447307718922, 3, 2, 0.000375032
2e-06, 6.61777059221807e-06, 297, -2.04658299062307e-23, 3.30888529610903, 3, 2, 0.000374079
2e-06, 6.61777059221807e-06, 300, -2.06716157945387e-23, 3.30888529610903, 3, 2, 0.000375032
2e-06, 6.61777059221807e-06, 303, -2.0877477779709e-23, 3.30888529610903, 3, 2, 0.000374079
2e-06, 6.74915256950861e-06, 297, -1.95187895479231e-23, 3.3745762847543, 3, 2, 0.000374079
2e-06, 6.74915256950861e-06, 300, -1.97151912451322e-23, 3.3745762847543, 3, 2, 0.00037384
2e-06, 6.74915256950861e-06, 303, -1.99116557950212e-23, 3.3745762847543, 3, 2, 0.000391006
2e-06, 6.88314286084029e-06, 297, -1.86129468813954e-23, 3.44157143042015, 3, 2, 0.00037384
2e-06, 6.88314286084029e-06, 300, -1.88003479307427e-23, 3.44157143042015, 3, 2, 0.000374794
2e-06, 6.88314286084029e-06, 303, -1.89878006646183e-23, 3.44157143042015, 3, 2, 0.000372887
2e-06, 7.01979324882652e-06, 297, -1.77466312221769e-23, 3.50989662441326, 3, 2, 0.000375032
2e-06, 7.01979324882652e-06, 300, -1.7925403605512e-23, 3.50989662441326, 3, 2, 0.000374079
2e-06, 7.01979324882652e-06, 303, -1.81042182986923e-23, 3.50989662441326, 3, 2, 0.00037384
2e-06, 7.15915654411604e-06, 297, -1.69182375160523e-23, 3.57957827205802, 3, 2, 0.000371933
2e-06, 7.15915654411604e-06, 300, -1.70887415504862e-23, 3.57957827205802, 3, 2, 0.000398874
2e-06, 7.15915654411604e-06, 303, -1.72592800619697e-23, 3.57957827205802, 3, 2, 0.000427008
2e-06, 7.30128660580245e-06, 297, -1.61262232566354e-23, 3.65064330290122, 3, 2, 0.000431061
2e-06, 7.30128660580245e-06, 300, -1.62888075528526e-23, 3.65064330290122, 3, 2, 0.000401974
2e-06, 7.30128660580245e-06, 303, -1.64514198124338e-23, 3.65064330290122, 3, 2, 0.000372887
2e-06, 7.44623836223886e-06, 297, -1.53691056295594e-23, 3.72311918111943, 3, 2, 0.000371933
2e-06, 7.44623836223886e-06, 300, -1.55241071057376e-23, 3.72311918111943, 3, 2, 0.000424147
2e-06, 7.44623836223886e-06, 303, -1.56791311545111e-23, 3.72311918111943, 3, 2, 0.000449896
2e-06, 7.59406783226582e-06, 297, -1.46454588637158e-23, 3.79703391613291, 3, 2, 0.000448942
2e-06, 7.59406783226582e-06, 300, -1.47932028091075e-23, 3.79703391613291, 3, 2, 0.000399113
2e-06, 7.59406783226582e-06, 303, -1.49409648874145e-23, 3.79703391613291, 3, 2, 0.000371933
2e-06, 7.74483214686064e-06, 297, -1.39539117709566e-23, 3.87241607343032, 3, 2, 0.000386953
2e-06, 7.74483214686064e-06, 300, -1.40947119533685e-23, 3.87241607343032, 3, 2, 0.000374079
2e-06, 7.74483214686064e-06, 303, -1.42355266304489e-23, 3.87241607343032, 3, 2, 0.000374079
2e-06, 7.89858957121658e-06, 297, -1.32931454567427e-23, 3.94929478560829, 3, 2, 0.000374079
2e-06, 7.89858957121658e-06, 300, -1.34273042683804e-23, 3.94929478560829, 3, 2, 0.0003829
2e-06, 7.89858957121658e-06, 303, -1.35614746082605e-23, 3.94929478560829, 3, 2, 0.000432014
2e-06, 8.05539952726025e-06, 297, -1.26618911853563e-23, 4.02769976363013, 3, 2, 0.000430107
2e-06, 8.05539952726025e-06, 300, -1.27896998217872e-23, 4.02769976363013, 3, 2, 0.000452042
2e-06, 8.05539952726025e-06, 303, -1.29175175802343e-23, 4.02769976363013, 3, 2, 0.000418901
2e-06, 8.21532261661624e-06, 297, -1.20589283844743e-23, 4.10766130830812, 3, 2, 0.000405073
2e-06, 8.21532261661624e-06, 300, -1.21806670517734e-23, 4.10766130830812, 3, 2, 0.000430822
2e-06, 8.21532261661624e-06, 303, -1.23024128994852e-23, 4.10766130830812, 3, 2, 0.000422001
2e-06, 8.37842064402745e-06, 297, -1.148308277509e-23, 4.18921032201373, 3, 2, 0.000402212
2e-06, 8.37842064402745e-06, 300, -1.15990209205791e-23, 4.18921032201373, 3, 2, 0.00037384
2e-06, 8.37842064402745e-06, 303, -1.17149646881326e-23, 4.18921032201373, 3, 2, 0.000400782
2e-06, 8.54475664124056e-06, 297, -1.093322461397e-23, 4.27237832062028, 3, 2, 0.000400066
2e-06, 8.54475664124056e-06, 300, -1.10436211763171e-23, 4.27237832062028, 3, 2, 0.000400066
2e-06, 8.54475664124056e-06, 303, -1.1154022116769e-23, 4.27237832062028, 3, 2, 0.000374079
2e-06, 8.71439489136557e-06, 297, -1.04082670370046e-23, 4.35719744568279, 3, 2, 0.00037384
2e-06, 8.71439489136557e-06, 300, -1.05133707118171e-23, 4.35719744568279, 3, 2, 0.000393152
2e-06, 8.71439489136557e-06, 303, -1.06184777772224e-23, 4.35719744568279, 3, 2, 0.00037694
2e-06, 8.88740095371903e-06, 297, -9.90716449295208e-24, 4.44370047685952, 3, 2, 0.000372171
2e-06, 8.88740095371903e-06, 300, -1.00072140103669e-23, 4.44370047685952, 3, 2, 0.000371933
2e-06, 8.88740095371903e-06, 303, -1.01072661388517e-23, 4.44370047685952, 3, 2, 0.000373125
2e-06, 9.06384168916043e-06, 297, -9.42891125817295e-24, 4.53192084458022, 3, 2, 0.000372887
2e-06, 9.06384168916043e-06, 300, -9.5241356693061e-24, 4.53192084458022, 3, 2, 0.000374079
2e-06, 9.06384168916043e-06, 303, -9.61936207969338e-24, 4.53192084458022, 3, 2, 0.000400066
2e-06, 9.24378528593162e-06, 297, -8.97254002398555e-24, 4.62189264296581, 3, 2, 0.000400066
2e-06, 9.24378528593162e-06, 300, -9.06315899345591e-24, 4.62189264296581, 3, 2, 0.000373125
2e-06, 9.24378528593162e-06, 303, -9.15377948479244e-24, 4.62189264296581, 3, 2, 0.000458002
2e-06, 9.4273012860092e-06, 297, -8.53712054924801e-24, 4.7136506430046, 3, 2, 0.000426054
2e-06, 9.4273012860092e-06, 300, -8.62334465132678e-24, 4.7136506430046, 3, 2, 0.000372887
2e-06, 9.4273012860092e-06, 303, -8.70956990498838e-24, 4.7136506430046, 3, 2, 0.000372887
2e-06, 9.61446061198009e-06, 297, -8.12175837167346e-24, 4.80723030599004, 3, 2, 0.000375032
2e-06, 9.61446061198009e-06, 300, -8.20378938792581e-24, 4.80723030599004, 3, 2, 0.000374794
2e-06, 9.61446061198009e-06, 303, -8.28582127029097e-24, 4.80723030599004, 3, 2, 0.000372887
2e-06, 9.80533559445066e-06, 297, -7.72559357221375e-24, 4.90266779722533, 3, 2, 0.00037384
2e-06, 9.80533559445066e-06, 300, -7.8036247887961e-24, 4.90266779722533, 3, 2, 0.000375986
2e-06, 9.80533559445066e-06, 303, -7.88165665276485e-24, 4.90266779722533, 3, 2, 0.000377893
2e-06, 1e-05, 297, -7.34779958760007e-24, 5.00000000000002, 3, 2, 0.000385046
2e-06, 1e-05, 300, -7.4220160906484e-24, 5.00000000000002, 3, 2, 0.000375032
2e-06, 1e-05, 303, -7.49623307454792e-24, 5.00000000000002, 3, 2, 0.000403166
